{"producer":{"name":"Blender","version":"2.79 (sub 0)","exporter_version":"5.4.2","file":"hare.babylon"},
"autoClear":true,"clearColor":[0.0509,0.0509,0.0509],"ambientColor":[0,0,0],"gravity":[0,-9.81,0],
"materials":[{"name":"hare.Material.001","id":"hare.Material.001","ambient":[1,1,1],"diffuse":[1,1,1],"specular":[0,0,0],"emissive":[0,0,0],"specularPower":50,"alpha":1,"backFaceCulling":true,"checkReadyOnlyOnce":false,"maxSimultaneousLights":4, 
"diffuseTexture":{"name":"Material Diffuse Color.png","level":1,"hasAlpha":1,"coordinatesMode":0,"uOffset":0,"vOffset":0,"uScale":1,"vScale":1,"uAng":0,"vAng":0,"wAng":0,"wrapU":1,"wrapV":1,"coordinatesIndex":0}}],
"multiMaterials":[],
"skeletons":[{"name":"Armature","id":0,"dimensionsAtRest":[5.0678,15.0778,9.8334],"bones":[
{"name":"Bone","index":0,"matrix":[1,0,0,0,0,0.9905,-0.1377,0,0,-0.1377,-0.9905,0,0,-7.2318,8.1076,1],"rest":[1,0,0,0,0,0.9905,-0.1377,0,0,-0.1377,-0.9905,0,0,-7.2318,8.1076,1],"parentBoneIndex":-1,"length":1.8272},
{"name":"Bone.001","index":1,"matrix":[1,0,0,0,0,0.9573,0.2892,0,0,-0.2892,0.9573,0,0,1.8272,0,1],"rest":[1,0,0,0,0,0.9573,0.2892,0,0,-0.2892,0.9573,0,0,1.8272,0,1],"parentBoneIndex":0,"length":1.7585},
{"name":"Bone.002","index":2,"matrix":[1,0,0,0,0,0.9779,0.2091,0,0,-0.2091,0.9779,0,0,1.7585,0,1],"rest":[1,0,0,0,0,0.9779,0.2091,0,0,-0.2091,0.9779,0,0,1.7585,0,1],"parentBoneIndex":1,"length":1.7651},
{"name":"Bone.003","index":3,"matrix":[-1,0,0,0,0,0.9247,0.3808,0,0,0.3808,-0.9247,0,0,1.7651,0,1],"rest":[-1,0,0,0,0,0.9247,0.3808,0,0,0.3808,-0.9247,0,0,1.7651,0,1],"parentBoneIndex":2,"length":1.5924},
{"name":"Bone.004","index":4,"matrix":[1,0,0,0,0,0.8654,-0.501,0,0,0.501,0.8654,0,0,1.5924,0,1],"rest":[1,0,0,0,0,0.8654,-0.501,0,0,0.501,0.8654,0,0,1.5924,0,1],"parentBoneIndex":3,"length":1.7468},
{"name":"Bone.005","index":5,"matrix":[1,0,0,0,0,0.9929,-0.119,0,0,0.119,0.9929,0,0,1.7468,0,1],"rest":[1,0,0,0,0,0.9929,-0.119,0,0,0.119,0.9929,0,0,1.7468,0,1],"parentBoneIndex":4,"length":1.953},
{"name":"Bone.006","index":6,"matrix":[-1,0,0,0,0,0.0115,0.9999,0,0,0.9999,-0.0115,0,0,1.953,0,1],"rest":[-1,0,0,0,0,0.0115,0.9999,0,0,0.9999,-0.0115,0,0,1.953,0,1],"parentBoneIndex":5,"length":1.2728},
{"name":"Bone.007","index":7,"matrix":[-1,0,0,0,0,0.6766,0.7364,0,0,0.7364,-0.6766,0,0,1.2728,0,1],"rest":[-1,0,0,0,0,0.6766,0.7364,0,0,0.7364,-0.6766,0,0,1.2728,0,1],"parentBoneIndex":6,"length":3.0618},
{"name":"Bone.033","index":8,"matrix":[-0.3486,0.855,-0.3841,0,-0.0006,0.4096,0.9123,0,0.9373,0.3183,-0.1422,0,-0.457,0.9702,0.8147,1],"rest":[-0.3486,0.855,-0.3841,0,-0.0006,0.4096,0.9123,0,0.9373,0.3183,-0.1422,0,-0.457,0.9702,0.8147,1],"parentBoneIndex":7,"length":2.1906},
{"name":"Bone.034","index":9,"matrix":[0.6085,-0.3389,-0.7176,0,0.0149,0.909,-0.4166,0,0.7934,0.2428,0.5581,0,0,2.1906,0,1],"rest":[0.6085,-0.3389,-0.7176,0,0.0149,0.909,-0.4166,0,0.7934,0.2428,0.5581,0,0,2.1906,0,1],"parentBoneIndex":8,"length":1.9431},
{"name":"Bone.035","index":10,"matrix":[-0.3482,0.8553,-0.3837,0,0.0006,0.4096,0.9123,0,0.9374,0.3174,-0.1431,0,0.457,0.9702,0.8147,1],"rest":[-0.3482,0.8553,-0.3837,0,0.0006,0.4096,0.9123,0,0.9374,0.3174,-0.1431,0,0.457,0.9702,0.8147,1],"parentBoneIndex":7,"length":2.1906},
{"name":"Bone.036","index":11,"matrix":[0.7166,0.408,-0.5657,0,-0.2608,0.909,0.3252,0,0.6469,-0.0855,0.7578,0,0,2.1906,0,1],"rest":[0.7166,0.408,-0.5657,0,-0.2608,0.909,0.3252,0,0.6469,-0.0855,0.7578,0,0,2.1906,0,1],"parentBoneIndex":10,"length":1.9431},
{"name":"Bone.031","index":12,"matrix":[0.0005,-0.6121,0.7908,0,0.8797,0.3763,0.2907,0,-0.4755,0.6955,0.5387,0,0,1.2728,0,1],"rest":[0.0005,-0.6121,0.7908,0,0.8797,0.3763,0.2907,0,-0.4755,0.6955,0.5387,0,0,1.2728,0,1],"parentBoneIndex":6,"length":1.0727},
{"name":"Bone.015","index":13,"matrix":[0.736,0.2539,-0.6276,0,-0.6361,0.5765,-0.5128,0,0.2316,0.7766,0.5858,0,0,1.7468,0,1],"rest":[0.736,0.2539,-0.6276,0,-0.6361,0.5765,-0.5128,0,0.2316,0.7766,0.5858,0,0,1.7468,0,1],"parentBoneIndex":4,"length":2.5023},
{"name":"Bone.016","index":14,"matrix":[-0.7478,0.6431,-0.1652,0,0.1482,-0.0809,-0.9856,0,-0.6472,-0.7615,-0.0348,0,0,2.5023,0,1],"rest":[-0.7478,0.6431,-0.1652,0,0.1482,-0.0809,-0.9856,0,-0.6472,-0.7615,-0.0348,0,0,2.5023,0,1],"parentBoneIndex":13,"length":3.0748},
{"name":"Bone.017","index":15,"matrix":[-0.9778,-0.1215,0.1705,0,-0.1992,0.2888,-0.9364,0,0.0645,-0.9496,-0.3066,0,0,3.0748,0,1],"rest":[-0.9778,-0.1215,0.1705,0,-0.1992,0.2888,-0.9364,0,0.0645,-0.9496,-0.3066,0,0,3.0748,0,1],"parentBoneIndex":14,"length":3.5268},
{"name":"Bone.018","index":16,"matrix":[0.9838,0.1792,0,0,-0.1769,0.9714,-0.1582,0,-0.0283,0.1556,0.9874,0,0,3.5268,0,1],"rest":[0.9838,0.1792,0,0,-0.1769,0.9714,-0.1582,0,-0.0283,0.1556,0.9874,0,0,3.5268,0,1],"parentBoneIndex":15,"length":1.2377},
{"name":"Bone.019","index":17,"matrix":[1,0,0,0,0,0.3263,0.9453,0,0,-0.9453,0.3263,0,0,1.2377,0,1],"rest":[1,0,0,0,0,0.3263,0.9453,0,0,-0.9453,0.3263,0,0,1.2377,0,1],"parentBoneIndex":16,"length":0.8553},
{"name":"Bone.021","index":18,"matrix":[0.736,-0.2539,0.6276,0,0.6361,0.5765,-0.5128,0,-0.2316,0.7766,0.5858,0,0,1.7468,0,1],"rest":[0.736,-0.2539,0.6276,0,0.6361,0.5765,-0.5128,0,-0.2316,0.7766,0.5858,0,0,1.7468,0,1],"parentBoneIndex":4,"length":2.5023},
{"name":"Bone.022","index":19,"matrix":[-0.7478,-0.6431,0.1652,0,-0.1482,-0.0809,-0.9856,0,0.6472,-0.7615,-0.0348,0,0,2.5023,0,1],"rest":[-0.7478,-0.6431,0.1652,0,-0.1482,-0.0809,-0.9856,0,0.6472,-0.7615,-0.0348,0,0,2.5023,0,1],"parentBoneIndex":18,"length":3.0748},
{"name":"Bone.023","index":20,"matrix":[-0.9778,0.1215,-0.1705,0,0.1992,0.2888,-0.9364,0,-0.0645,-0.9496,-0.3066,0,0,3.0748,0,1],"rest":[-0.9778,0.1215,-0.1705,0,0.1992,0.2888,-0.9364,0,-0.0645,-0.9496,-0.3066,0,0,3.0748,0,1],"parentBoneIndex":19,"length":3.5268},
{"name":"Bone.024","index":21,"matrix":[0.9838,-0.1792,0,0,0.1769,0.9714,-0.1582,0,0.0283,0.1556,0.9874,0,0,3.5268,0,1],"rest":[0.9838,-0.1792,0,0,0.1769,0.9714,-0.1582,0,0.0283,0.1556,0.9874,0,0,3.5268,0,1],"parentBoneIndex":20,"length":1.2377},
{"name":"Bone.025","index":22,"matrix":[1,0,0,0,0,0.3263,0.9453,0,0,-0.9453,0.3263,0,0,1.2377,0,1],"rest":[1,0,0,0,0,0.3263,0.9453,0,0,-0.9453,0.3263,0,0,1.2377,0,1],"parentBoneIndex":21,"length":0.8553},
{"name":"Bone.008","index":23,"matrix":[-1,0,0,0,0,-0.9939,0.1104,0,0,-0.1104,-0.9939,0,0,-7.2318,8.1076,1],"rest":[-1,0,0,0,0,-0.9939,0.1104,0,0,-0.1104,-0.9939,0,0,-7.2318,8.1076,1],"parentBoneIndex":-1,"length":1.3528},
{"name":"Bone.009","index":24,"matrix":[1,0,0,0,0,0.9459,-0.3245,0,0,0.3245,0.9459,0,0,1.3528,0,1],"rest":[1,0,0,0,0,0.9459,-0.3245,0,0,0.3245,0.9459,0,0,1.3528,0,1],"parentBoneIndex":23,"length":0.915},
{"name":"Bone.010","index":25,"matrix":[-1,0,0,0,0,-0.177,-0.9842,0,0,-0.9842,0.177,0,0,0.915,0,1],"rest":[-1,0,0,0,0,-0.177,-0.9842,0,0,-0.9842,0.177,0,0,0.915,0,1],"parentBoneIndex":24,"length":1.2276},
{"name":"Bone.011","index":26,"matrix":[-0.3628,0.3003,-0.8822,0,0.9319,0.1169,-0.3434,0,0,0.9466,0.3223,0,0,-7.2318,8.1076,1],"rest":[-0.3628,0.3003,-0.8822,0,0.9319,0.1169,-0.3434,0,0,0.9466,0.3223,0,0,-7.2318,8.1076,1],"parentBoneIndex":-1,"length":1.5726},
{"name":"Bone.020","index":27,"matrix":[0.6183,-0.7743,0.1349,0,0.6839,0.6146,0.3931,0,-0.3873,-0.1508,0.9096,0,0,1.5726,0,1],"rest":[0.6183,-0.7743,0.1349,0,0.6839,0.6146,0.3931,0,-0.3873,-0.1508,0.9096,0,0,1.5726,0,1],"parentBoneIndex":26,"length":3.2916},
{"name":"Bone.012","index":28,"matrix":[0.9907,-0.1212,0.0619,0,-0.0993,-0.9549,-0.28,0,0.0931,0.2712,-0.958,0,0,3.2916,0,1],"rest":[0.9907,-0.1212,0.0619,0,-0.0993,-0.9549,-0.28,0,0.0931,0.2712,-0.958,0,0,3.2916,0,1],"parentBoneIndex":27,"length":4.9458},
{"name":"Bone.013","index":29,"matrix":[0.9785,0.1421,0.1494,0,-0.0691,-0.4567,0.887,0,0.1943,-0.8782,-0.437,0,0,4.9458,0,1],"rest":[0.9785,0.1421,0.1494,0,-0.0691,-0.4567,0.887,0,0.1943,-0.8782,-0.437,0,0,4.9458,0,1],"parentBoneIndex":28,"length":2.6286},
{"name":"Bone.014","index":30,"matrix":[0.9919,0.1231,0.0328,0,-0.126,0.986,0.1089,0,-0.0189,-0.1121,0.9935,0,0,2.6286,0,1],"rest":[0.9919,0.1231,0.0328,0,-0.126,0.986,0.1089,0,-0.0189,-0.1121,0.9935,0,0,2.6286,0,1],"parentBoneIndex":29,"length":1.117},
{"name":"Bone.026","index":31,"matrix":[-0.3628,-0.3003,0.8822,0,-0.9319,0.1169,-0.3434,0,0,0.9466,0.3223,0,0,-7.2318,8.1076,1],"rest":[-0.3628,-0.3003,0.8822,0,-0.9319,0.1169,-0.3434,0,0,0.9466,0.3223,0,0,-7.2318,8.1076,1],"parentBoneIndex":-1,"length":1.5726},
{"name":"Bone.027","index":32,"matrix":[0.6183,0.7743,-0.1349,0,-0.6839,0.6146,0.3931,0,0.3873,-0.1508,0.9096,0,0,1.5726,0,1],"rest":[0.6183,0.7743,-0.1349,0,-0.6839,0.6146,0.3931,0,0.3873,-0.1508,0.9096,0,0,1.5726,0,1],"parentBoneIndex":31,"length":3.2916},
{"name":"Bone.028","index":33,"matrix":[0.9907,0.1212,-0.0619,0,0.0993,-0.9549,-0.28,0,-0.0931,0.2712,-0.958,0,0,3.2916,0,1],"rest":[0.9907,0.1212,-0.0619,0,0.0993,-0.9549,-0.28,0,-0.0931,0.2712,-0.958,0,0,3.2916,0,1],"parentBoneIndex":32,"length":4.9458},
{"name":"Bone.029","index":34,"matrix":[0.9785,-0.1421,-0.1494,0,0.0691,-0.4567,0.887,0,-0.1943,-0.8782,-0.437,0,0,4.9458,0,1],"rest":[0.9785,-0.1421,-0.1494,0,0.0691,-0.4567,0.887,0,-0.1943,-0.8782,-0.437,0,0,4.9458,0,1],"parentBoneIndex":33,"length":2.6286},
{"name":"Bone.030","index":35,"matrix":[0.9919,-0.1231,-0.0328,0,0.126,0.986,0.1089,0,0.0189,-0.1121,0.9935,0,0,2.6286,0,1],"rest":[0.9919,-0.1231,-0.0328,0,0.126,0.986,0.1089,0,0.0189,-0.1121,0.9935,0,0,2.6286,0,1],"parentBoneIndex":34,"length":1.117}]}],
"meshes":[{"name":"Cube","id":"Cube","materialId":"hare.Material.001","billboardMode":0,"position":[0,0,0],"rotation":[0,0,0],"scaling":[1,1,1],"isVisible":true,"freezeWorldMatrix":false,"isEnabled":true,"checkCollisions":false,"receiveShadows":false,"tags":""
,"positions":[-0.3135,0.7103,-0.7473,0,0.8075,-0.5861,-0.3719,0.7786,-0.5876,-0.5802,0.6252,-0.7342,-0.4921,0.5018,-0.902,-0.2568,0.5911,-0.9182,0,0.7374,-0.7415,-0.2213,0.3742,-1.1679,0,0.1438,-1.4662,0,0.399,-1.1594,-0.4358,0.2942,-1.1369,-0.1964,0.1199,-1.4696,-0.1465,-0.3058,-2.0625,0,-0.0904,-1.8018,-0.1718,-0.1115,-1.7963,-0.3249,-0.1562,-1.7677,-0.282,-0.3374,-2.015
,-0.2812,0.9345,0.1055,0,0.9199,-0.1319,0,0.9377,0.098,-0.1584,0.9414,0.3463,-0.2819,0.9537,0.3776,-0.4835,0.9193,0.1391,-0.3959,0.897,-0.13,-0.8774,0.4701,-0.2929,-0.8697,0.4721,-0.4777,-0.904,0.5274,-0.3033,-0.9183,0.5323,-0.1324,-0.8898,0.4633,-0.1315,-0.8359,0.4249,-0.1345,-0.8244,0.4412,-0.292,-0.8433,0.424,-0.4569,-0.8015,0.2867,-0.5628,-0.7948,0.2007,-0.6815
,-0.8286,0.3421,-0.6005,-0.7812,0.4063,-0.4503,-0.7232,0.272,-0.5416,-0.7752,0.1474,-0.6175,0,0.8724,-0.3714,-0.4127,0.8429,-0.3714,-0.7354,0.7631,-0.3617,-0.671,0.7004,-0.5739,-0.1195,-0.4491,-2.1828,0,-0.2906,-2.074,-0.2408,-0.4606,-2.1335,-0.2078,-0.5592,-2.162,-0.099,-0.5651,-2.2028,0,-0.4438,-2.1906,0,-0.866,-2.1075,-0.0942,-0.7888,-2.1061,-0.1145,-0.9056,-2.0858
,-0.2042,-0.767,-2.0676,-0.2233,-0.9016,-2.0544,-0.1397,-1.0297,-2.0323,0,-0.981,-2.0624,-0.2917,-0.6322,-2.0678,-0.2042,-0.767,-2.0676,-0.1892,-0.6666,-2.1392,-0.336,-0.5498,-2.0497,-0.3458,-0.6718,-1.9858,-0.3655,-0.4743,-2.0167,-0.3954,-0.3712,-1.9184,-0.4741,-0.513,-1.8582,-0.462,-0.6231,-1.8906,-0.7876,0.0949,-0.6278,-0.7964,0.0652,-0.7067,-0.7823,0.1112,-0.7304,-0.7728,0.0786,-0.6066
,-0.4405,-0.2062,-1.7041,-0.3746,0.0615,-1.4542,-0.516,-0.0183,-1.3945,-0.527,-0.2628,-1.6026,-0.488,-0.4146,-1.7776,-0.8138,0.0323,-0.6914,-0.7714,-0.1291,-0.8915,-0.7454,-0.0526,-0.953,-0.6893,-0.2592,-1.1537,-0.6511,-0.1794,-1.252,-0.7068,0.0245,-0.9908,-0.7964,0.0652,-0.7067,-0.5927,-0.3276,-1.4602,-0.6324,-0.55,-1.3948,-0.561,-0.4751,-1.5976,-0.5978,-0.1018,-1.3385,-0.6423,-0.3848,-1.3166
,-0.697,-0.5271,-1.2069,-0.6804,-0.4189,-1.2113,-0.7254,-0.3492,-1.0625,-0.7575,-0.4832,-1.0113,-0.8788,-0.1684,-0.5473,-0.8962,-0.0287,-0.4454,-0.9143,-0.1153,-0.4223,-0.9251,-0.0524,-0.2971,-0.9354,-0.1653,-0.3026,-0.9219,-0.3403,-0.3932,-0.6555,-0.7663,-1.4236,-0.6952,-0.7175,-1.3172,-0.7046,-0.9008,-1.286,-0.6399,-0.9118,-1.4373,-0.5766,-0.8583,-1.5861,-0.6015,-0.6967,-1.5275,-0.5469,-0.5997,-1.6838
,-0.5335,-0.7337,-1.725,-0.4589,-0.9316,-1.7941,-0.5038,-0.909,-1.7277,-0.5184,-1.0532,-1.6198,-0.5614,-1.1166,-1.4511,-0.4747,-1.3211,-1.2512,-0.4225,-1.2985,-1.4636,-0.628,-1.1255,-1.2685,-0.3204,-0.8102,-2.0036,-0.3458,-0.6718,-1.9858,-0.3458,-0.6718,-1.9858,-0.3734,-0.8533,-1.9493,-0.093,-0.6777,-2.1681,0,-0.5672,-2.2053,-0.0942,-0.7888,-2.1061,0,-0.7739,-2.123,0,-0.6775,-2.172
,-0.5737,-1.2964,-1.0856,-0.7131,-1.1057,-1.1189,-0.7597,-0.8901,-1.1465,-0.8056,-1.0742,-0.945,-0.6826,-1.2605,-0.9098,-0.7646,-1.249,-0.6666,-0.8947,-1.048,-0.6893,-0.8215,-0.8715,-0.9706,-0.9061,-0.8372,-0.7104,-0.9543,-1.0271,-0.407,-0.8141,-1.2461,-0.4094,-0.8255,-1.2354,-0.1916,-0.9586,-1.0113,-0.153,-0.98,-0.7991,-0.4191,-1.01,-0.7694,-0.1496,-0.9481,-0.9722,0.0607,-0.8145,-1.2477,0.0571
,-0.7389,-0.6907,-1.1805,-0.7975,-0.6659,-0.9867,-0.8409,-0.4239,-0.7254,-0.957,-0.5771,-0.4089,-0.8816,-0.6234,-0.7089,-0.601,-1.4106,-0.2986,-0.5438,-1.5391,-0.1731,-0.3896,-1.5665,-0.324,-0.4935,-1.4411,-0.4631,-0.688,-1.4186,-0.1184,0,-1.5212,-0.6667,-0.3849,-1.4168,-0.8653,-0.4327,-1.4333,-0.6634,0,-1.6113,-0.4713,0,-1.4673,-1.0043,-0.2542,-1.4173,-1.2205,-0.3163,-1.4213,-1.0344
,0,-1.4875,-0.8407,-0.2257,-1.375,-1.4732,0,-1.4405,-1.2018,0,-1.3869,-1.4772,-0.2071,-1.2926,-1.7259,-0.4047,-1.2121,-1.6976,-0.1175,0.9037,0.6036,-0.2819,0.9537,0.3776,-0.1584,0.9414,0.3463,-0.1584,0.9414,0.3463,0,0.8806,0.5886,0,0.7662,0.8297,-0.1277,0.7874,0.8373,-0.2147,0.9261,0.6299,-0.2893,0.5739,0.9825,-0.1585,0.5589,1.0075,0,0.5433,1.0219
,-0.1978,0.2678,1.1093,-0.2946,0.7878,0.848,-0.3648,0.5568,0.9651,-0.3617,0.2728,1.0499,-0.4578,0.2595,1.0118,-0.5462,0.2941,0.9716,-0.4047,0.6241,0.9559,-0.3355,0.9246,0.4188,-0.2712,0.901,0.6487,-0.2333,0.8087,0.8477,-0.3111,0.8523,0.8402,-0.2799,0.9504,0.6537,-0.3329,0.9599,0.4454,-0.7398,0.7925,0.0572,-0.5283,0.8866,0.21,-0.3355,0.9246,0.4188,-0.3355,0.9246,0.4188
,-0.4918,0.9223,0.2643,-0.684,0.8041,0.1624,-0.5422,0.9179,0.656,-0.4091,0.7658,0.6435,-0.36,0.9875,0.6489,-0.5318,1.2656,0.6905,-0.6975,1.1335,0.7286,-0.703,0.8134,0.689,-0.5458,0.6483,0.6632,-0.5283,0.7105,0.4986,-0.6847,0.9039,0.4262,-0.5214,0.9266,0.4712,-0.6852,1.1626,0.4063,-0.5216,1.2019,0.459,-0.3489,0.9756,0.4932,-0.3988,0.7872,0.5217,-0.4287,0.8926,0.9553
,-0.3111,0.8523,0.8402,-0.4047,0.6241,0.9559,-0.4047,0.6241,0.9559,-0.5949,0.6816,0.977,-0.6438,1.016,1.0397,-0.443,1.2425,1.0123,-0.2825,1.13,0.8262,-0.6787,0.4402,0.8267,-0.7035,0.695,0.8421,-0.7519,0.5178,0.6675,-0.703,0.8134,0.689,-0.703,0.8134,0.689,-0.7317,1.015,0.8951,-0.6241,1.0409,0.1688,-0.4918,0.9223,0.2643,-0.4507,1.1121,0.2483,-0.3329,0.9599,0.4454
,-0.2879,1.1655,0.4324,-0.423,1.3814,0.2139,-0.6129,1.3042,0.1265,-0.2953,1.0013,0.5735,-0.3477,1.2801,0.4896,-0.294,1.3455,0.5865,-0.3589,0.7167,0.5897,-0.7105,0.9567,0.2767,-0.684,0.8041,0.1624,-0.7079,1.214,0.243,-0.6852,1.1626,0.4063,-0.6847,0.9039,0.4262,-0.6847,0.9039,0.4262,-0.74,0.7278,0.2804,-0.2799,0.9504,0.6537,-0.2337,1.1962,0.6385,-0.2799,0.9504,0.6537
,-0.2501,1.4808,0.8652,-0.1858,1.517,0.651,-0.2451,1.4507,0.4179,-0.5597,2.4179,1.3493,-0.3774,1.9907,1.0435,-0.4268,2.5019,1.1939,-0.6291,2.9459,1.4777,-0.7512,2.8711,1.5703,-0.6903,2.3237,1.4258,-0.5212,1.8931,1.1493,-0.5547,1.869,0.3788,-0.7377,2.365,0.2856,-0.589,2.4089,0.3822,-0.7649,2.9044,0.3276,-0.633,2.9451,0.4158,-0.4285,2.4775,0.5548,-0.3797,1.946,0.5263
,-0.5053,2.4588,1.5091,-0.2886,2.0984,1.1975,-0.4714,1.927,1.3671,-0.6727,2.3159,1.5476,-0.7209,2.8645,1.6496,-0.5626,2.9837,1.6005,-0.3389,2.5995,1.325,-0.6602,2.4736,0.1629,-0.4532,2.0145,0.2337,-0.4912,2.5391,0.2639,-0.284,2.076,0.4778,-0.3354,2.5923,0.5134,-0.542,3.0713,0.3029,-0.6944,3.0107,0.2125,-0.7312,2.2803,1.5059,-0.6536,1.7529,1.3944,-0.7129,1.7169,1.315
,-0.6639,1.7775,1.2072,-0.6903,2.3237,1.4258,-0.6903,2.3237,1.4258,-0.7828,2.8355,1.6336,-0.3255,1.9974,0.7919,-0.3788,2.5151,0.8773,-0.4917,3.0065,0.5905,-0.4514,3.0322,0.9374,-0.7519,2.401,0.1913,-0.6362,1.9431,0.1283,-0.7771,2.9407,0.2403,-0.7649,2.9044,0.3276,-0.7377,2.365,0.2856,-0.7377,2.365,0.2856,-0.7343,1.8632,0.172,-0.2276,2.126,0.8501,-0.2834,2.6282,0.9301
,-0.3555,3.1376,0.9857,-0.4018,3.1158,0.5483,-0.9423,3.8751,0.3984,-0.8084,3.6888,0.3363,-0.8957,3.9561,0.4036,-1.0319,4.1301,0.4832,-1.032,4.0761,0.5406,-0.9339,3.8209,0.4637,-0.8709,3.6051,0.3617,-0.7307,4.0133,0.7026,-0.5547,3.7595,1.0566,-0.7021,3.9979,1.099,-0.6054,3.7048,1.4663,-0.7383,3.9413,1.4782,-0.8813,4.236,1.1879,-0.9015,4.2431,0.8445,-0.8894,3.7983,1.51
,-0.6922,3.6187,1.336,-0.7801,3.8658,1.3515,-0.9618,4.0042,1.5201,-1.0548,3.9563,1.6005,-0.9948,3.7349,1.5964,-0.8194,3.5566,1.517,-0.7537,3.5881,0.5311,-0.9339,3.8209,0.4637,-0.8543,3.8565,0.5906,-1.032,4.0761,0.5406,-0.9735,4.092,0.6746,-0.7686,3.9096,0.7914,-0.646,3.6445,0.6996,-0.8537,3.8301,1.6409,-0.7525,3.5916,1.6476,-0.973,3.7296,1.6712,-1.0406,3.9588,1.6885
,-0.9666,4.0693,1.6551,-0.6934,3.744,0.4098,-0.8103,4.0008,0.4878,-0.588,3.7684,0.633,-0.946,4.2349,0.6237,-0.9958,4.2007,0.5087,-1.0214,3.7049,1.6533,-0.9027,3.4886,1.6871,-0.9633,3.4644,1.6715,-0.9352,3.495,1.6113,-0.9948,3.7349,1.5964,-0.9948,3.7349,1.5964,-1.0755,3.9312,1.6635,-0.63,3.6513,1.0157,-0.7418,3.9078,1.0785,-0.9249,4.1474,0.9041,-0.89,4.1371,1.1675
,-1.0644,4.1541,1.5686,-0.894,4.0822,1.3958,-1.0702,4.2482,1.4926,-1.1478,4.1619,1.6514,-1.1133,4.3403,1.0305,-1.095,4.3216,1.2856,-1.2418,4.4619,1.0668,-1.2562,4.4684,1.3957,-1.1591,4.3134,0.7583,-1.0992,4.2703,0.8102,-1.1041,4.3275,1.7253,-0.8985,4.1869,1.507,-1.1272,4.184,1.7873,-1.1983,4.3603,1.7748,-1.2211,4.5256,1.7081,-1.0899,4.4701,1.5766,-1.0915,4.4777,1.1098
,-1.0887,4.5011,1.3605,-1.2455,4.6612,1.4927,-1.1924,4.6003,1.2586,-1.0998,4.4265,0.6874,-1.0892,4.4573,0.857,-1.2086,4.5974,1.1489,-1.185,4.5393,0.9315,-1.231,4.3667,1.7301,-1.2728,4.5844,1.4603,-1.2145,4.3352,1.6148,-1.2562,4.4684,1.3957,-1.2562,4.4684,1.3957,-1.2337,4.5428,1.0104,-1.1956,4.5794,1.6182,-1.1478,4.1619,1.6514,-1.1553,4.1503,1.7435,-1.1478,4.1619,1.6514
,-1.1412,4.372,0.6859,-1.1591,4.3134,0.7583,-0.2489,1.7248,0.4395,-0.1894,1.7913,0.7393,-0.2556,1.7645,1.0166,-0.7178,1.4918,0.1987,-0.6187,1.5791,0.1146,-0.7172,1.8227,0.2829,-0.6979,1.4454,0.3408,-0.3554,1.5752,0.5026,-0.3006,1.6425,0.6771,-0.3582,1.6489,0.8403,-0.3566,1.355,0.6776,-0.724,1.3254,1.082,-0.6975,1.1335,0.7286,-0.6754,1.4179,0.938,-0.6537,1.3463,1.202
,-0.4272,1.6554,0.213,-0.4539,1.5545,1.1755,-0.6979,1.4454,0.3408,-0.5324,1.4913,0.4163,-0.7172,1.8227,0.2829,-0.5183,1.5499,0.8923,-0.6639,1.7775,1.2072,-0.6754,1.4179,0.938,-0.6754,1.4179,0.938,-0.5496,-0.0527,0.9998,-0.43,-0.0435,1.0653,-0.4749,-0.3368,1.0691,-0.6113,-0.3427,0.9886,-0.6373,-0.0522,0.9125,-0.2341,-0.0358,1.1379,0,-0.0324,1.1759,0,-0.3085,1.173
,-0.2577,-0.3198,1.14,-0.7036,-0.5701,0.9667,-0.614,-0.5732,1.0374,-0.4774,-0.569,1.1019,-0.588,-0.7578,1.099,-0.6675,-0.7671,1.0478,-0.2591,-0.5517,1.1623,0,-0.5398,1.1915,0,-0.7306,1.2233,-0.251,-0.7399,1.1958,-0.4607,-0.7536,1.1442,-0.8996,0.511,-0.0198,-0.8669,0.4417,-0.033,-0.8768,0.474,0.0571,-0.845,0.4153,0.025,-0.7984,0.406,-0.0452,-0.9038,0.0353,-0.1354
,-0.9515,0.0827,0.0475,-0.9453,-0.0185,-0.1279,-0.885,-0.0125,-0.2962,-0.8433,0.0505,-0.15,-0.8384,0.1462,-0.0341,-0.9051,0.1242,-0.0058,-0.9896,-0.5411,-0.1487,-1.0204,-0.7228,0.0691,-0.9512,-0.3326,-0.1453,-0.9993,-0.4982,0.0586,-0.717,0.5634,0.561,-0.5388,0.5985,0.5867,-0.7205,0.6612,0.4467,-0.8604,0.3942,0.0649,-0.8791,0.4315,0.1211,-0.8916,0.3553,0.1297,-0.8504,0.3445,0.0628
,-0.9069,0.1502,0.1739,-0.9175,0.2432,0.1102,-0.8816,0.2908,0.2052,-0.8916,0.3553,0.1297,-0.8481,0.4103,0.2364,-0.8232,0.3442,0.3269,-0.8534,0.2067,0.2913,-1.0355,-0.6341,0.2085,-1.0063,-0.4311,0.1993,-0.9522,-0.2919,0.0435,-0.9447,-0.2423,0.1897,-0.9904,-0.3976,0.3422,-1.0199,-0.5856,0.3513,-0.8629,-1.1298,0.2849,-0.9633,-0.8815,0.2219,-0.9678,-0.8042,0.3711,-0.8747,-1.0354,0.463
,-0.7849,0.4617,0.5108,-0.7787,0.5379,0.3956,-0.7751,0.5283,0.509,-0.7205,0.6612,0.4467,-0.717,0.5634,0.561,-0.7519,0.5178,0.6675,-0.7933,-0.2993,0.7973,-0.7374,-0.0303,0.7742,-0.8645,-0.2581,0.6709,-0.8218,-0.003,0.6116,-0.6821,0.194,0.7739,-0.6969,0.3257,0.7524,-0.7733,0.2088,0.5906,-0.7666,0.3558,0.6132,-0.7519,0.5178,0.6675,-0.6787,0.4402,0.8267,-0.7806,-0.5653,0.8876
,-0.8099,-0.8355,0.8458,-0.8537,-0.535,0.7629,-0.7048,-0.332,0.898,-0.734,-0.7965,0.9782,-0.8196,0.2196,0.43,-0.7968,0.3639,0.4671,-0.7975,0.4457,0.3736,-0.8625,0.0138,0.4516,-0.9292,-0.2102,0.3305,-0.8862,0.0066,0.3031,-0.9062,-0.2219,0.5031,-0.9316,-0.4557,0.5556,-0.938,-0.6596,0.5804,-0.9463,-0.0977,0.0386,-0.9197,-0.0381,0.175,-0.9515,0.0827,0.0475,-0.8763,0.2409,0.0498
,-0.7966,0.2611,0.0067,-0.9175,0.2432,0.1102,-0.9175,0.2432,0.1102,-0.74,0.7278,0.2804,-0.8109,0.5349,0.2348,-0.8791,0.4315,0.1211,-0.8791,0.4315,0.1211,-0.8171,0.6029,0.1097,-0.74,0.7278,0.2804,-0.9488,-0.1497,-0.1348,-0.9453,-0.0185,-0.1279,-0.9453,-0.0185,-0.1279,-0.8604,0.6476,-0.0046,-0.7575,0.8259,-0.1049,-0.8171,0.6029,0.1097,-0.8171,0.6029,0.1097,-0.8996,0.511,-0.0198
,-0.9183,0.5323,-0.1324,-0.8957,0.6626,-0.141,-0.8037,-0.256,-0.8009,-0.8515,-0.0078,-0.6175,-0.8612,-0.0062,-0.4452,-0.7902,0.0097,-0.5355,-0.8177,-0.0157,-0.4335,-0.83,-0.0091,-0.2976,-0.8962,-0.0287,-0.4454,-0.8962,-0.0287,-0.4454,-0.8314,0.0257,-0.5543,-0.7947,0.0548,-0.5951,-0.8515,-0.0078,-0.6175,-0.8138,0.0323,-0.6914,-0.8138,0.0323,-0.6914,-0.7319,0.046,-0.5815,-0.6368,0.1533,-1.01
,-0.6841,0.3356,-0.8158,-0.7823,0.1112,-0.7304,-0.7823,0.1112,-0.7304,-0.7533,0.4787,-0.6714,-0.8246,0.5812,-0.527,-0.8697,0.4721,-0.4777,-0.8286,0.3421,-0.6005,-0.8286,0.3421,-0.6005,-0.8779,0.6415,-0.3326,-0.904,0.5274,-0.3033,-0.8697,0.4721,-0.4777,-0.4003,-0.9761,-1.872,-0.2679,-1.0099,-1.9966,-0.3182,-1.1331,-1.8795,0,-1.1421,-1.958,-0.1745,-1.1681,-1.9123,0,-1.2955,-1.7488
,-0.5589,3.3694,0.6357,-0.5341,3.3852,0.9761,-0.5942,3.3609,1.3257,-0.5009,3.0146,1.2889,-0.872,3.2024,1.6769,-0.7512,2.8711,1.5703,-0.8435,3.2343,1.6174,-0.8081,3.2278,1.688,-0.7426,3.3948,0.2715,-0.6067,3.4536,0.3499,-0.4822,3.4885,0.5849,-0.6502,3.3354,1.6404,-0.4076,3.1043,1.406,-0.4958,3.4493,1.4477,-0.8045,3.2732,0.3878,-0.6839,3.3112,0.4691,-0.8597,3.5518,0.4414
,-0.7241,3.2989,1.5199,-0.9352,3.495,1.6113,-0.8435,3.2343,1.6174,-0.8435,3.2343,1.6174,-0.4425,3.4937,1.0233,-0.8163,3.3178,0.303,-0.8597,3.5518,0.4414,-0.8045,3.2732,0.3878,-0.8045,3.2732,0.3878,-0.9248,-0.8055,0.5488,-0.8455,-0.9653,0.6668,-0.8148,-1.2406,0.5926,-0.7871,-1.1296,0.7566,-0.7398,-1.0281,0.9037,-0.7147,-1.1846,0.9562,-0.7893,-1.3396,0.8524,-0.6304,-0.9239,1.0707
,-0.5633,-0.9096,1.1259,-0.4482,-0.904,1.1766,-0.5481,-1.0631,1.1637,-0.6104,-1.0774,1.097,-0.7648,-1.431,0.2934,-0.8073,-1.3358,0.4431,-0.8338,-1.5508,0.6237,-0.8063,-1.6591,0.5209,-0.5422,-1.6494,-0.0189,-0.6874,-1.5421,0.1288,-0.6998,-1.7849,0.3732,-0.5211,-1.8983,0.2299,-0.2459,-0.8926,1.2316,0,-0.8855,1.2601,-0.2395,-1.0352,1.2841,-0.4364,-1.05,1.2255,-0.6884,-0.9615,1.0025
,-0.659,-1.0958,1.0236,-0.2963,-1.7333,-0.1178,-0.2769,-1.9692,0.1403,0,-1.7693,-0.155,-0.8914,-1.637,0.9885,-0.8424,-1.4865,0.7341,-0.7893,-1.3396,0.8524,-0.7893,-1.3396,0.8524,-0.7354,-1.3812,1.0852,-0.7221,-1.5228,1.3115,-1.0291,-1.8526,1.2558,-1.0119,-1.8395,0.8621,-0.9796,-1.8262,0.754,-0.8063,-1.6591,0.5209,-0.8338,-1.5508,0.6237,-0.9895,-1.9995,0.7048,-0.4219,-1.2214,1.3173
,-0.2395,-1.0352,1.2841,-0.2275,-1.1927,1.368,0,-1.0273,1.3126,0,-1.179,1.3912,-0.2163,-1.3454,1.5025,-0.41,-1.3885,1.4621,-0.5659,-2.2663,0.3685,-0.6998,-1.7849,0.3732,-0.8257,-2.1507,0.5448,-0.6998,-1.7849,0.3732,-0.957,-2.6106,0.6915,-0.6611,-1.235,1.1042,-0.7147,-1.1846,0.9562,-0.659,-1.0958,1.0236,-0.6104,-1.0774,1.097,-0.6256,-1.2645,1.1881,-0.5481,-1.0631,1.1637
,-0.5502,-1.2527,1.2582,-0.4364,-1.05,1.2255,-0.5583,-1.4373,1.4102,-0.2875,-2.333,0.2706,0,-1.9941,0.109,-0.2769,-1.9692,0.1403,-0.2769,-1.9692,0.1403,-0.6227,-2.7485,0.4864,-0.3068,-2.8227,0.3788,0,-2.3541,0.2413,-0.3132,-3.4365,0.5707,0,-2.8438,0.3495,-0.6379,-3.3402,0.6727,-0.6697,-3.9321,0.9553,-0.3318,-4.0539,0.8671,0,-3.4576,0.5413,-0.9855,-3.1358,0.8613
,-1.2536,-3.1019,1.0541,-1.0198,-3.6512,1.1025,-0.561,-1.576,1.6204,-0.406,-1.5213,1.6699,-0.6105,-1.5598,1.9557,-0.7731,-1.6655,1.6237,-0.2126,-1.4735,1.7069,0,-1.3253,1.5198,0,-1.4512,1.7222,-0.2279,-1.4482,1.9996,-0.4375,-1.4963,1.9883,-0.759,-1.2799,2.4829,-0.7924,-1.6066,2.0009,-0.5321,-1.1899,2.4644,-0.6257,-0.8833,3.015,-0.9087,-1.0065,3.0734,-0.9387,-1.3672,2.5033
,-0.2738,-1.1409,2.3989,0,-1.1267,2.3544,0,-0.8185,2.8161,-0.3188,-0.8287,2.893,-0.9621,-1.0097,3.5987,-1.1206,-1.1713,3.0711,-0.6546,-0.858,3.5568,-0.6479,-0.9928,4.085,-0.9745,-1.1654,4.0929,-1.2042,-1.2339,3.5961,-0.3313,-0.7885,3.4701,0,-0.7743,3.4156,0,-0.8881,4.0439,-0.3235,-0.9083,4.0604,-1.0015,-1.349,4.5903,-1.2503,-1.4349,4.1018,-0.6346,-1.1664,4.5948
,-0.634,-1.3952,5.1038,-1.0277,-1.5818,5.099,-1.3196,-1.6543,4.6114,-0.3074,-1.0759,4.5938,0,-1.0537,4.5919,0,-1.2811,5.1077,-0.3017,-1.3033,5.1067,-1.0378,-1.885,5.6269,-1.3675,-1.9028,5.1331,-0.6653,-1.6954,5.6296,-0.6969,-2.0458,6.1225,-1.0457,-2.2363,6.1074,-1.3493,-2.1916,5.6749,-0.3247,-1.6026,5.6357,0,-1.5804,5.6395,0,-1.9305,6.144,-0.3484,-1.9527,6.1369
,-1.0653,-2.6137,6.4738,-1.2693,-2.3919,6.0342,-0.6973,-2.4252,6.5326,-0.693,-2.8272,6.8973,-1.1057,-3.0066,6.7817,-1.3635,-2.7375,6.275,-0.3448,-2.3328,6.5669,0,-2.3105,6.578,0,-2.7155,6.9675,-0.3333,-2.7378,6.9539,-1.1763,-3.404,7.0867,-1.4481,-3.1545,6.5223,-0.7107,-3.2453,7.2538,-0.7717,-3.6882,7.6048,-1.2596,-3.8224,7.3876,-1.5636,-3.5679,6.7789,-0.3333,-3.1627,7.3262
,0,-3.1405,7.3386,0,-3.6019,7.6766,-0.3655,-3.6197,7.6768,-1.6277,-4.4264,7.2707,-1.2596,-3.8224,7.3876,-1.338,-4.2777,7.6834,-1.2596,-3.8224,7.3876,-0.8976,-4.1649,7.953,-1.3866,-4.7753,7.9819,-1.6638,-4.9867,7.4509,-0.4505,-4.1211,7.9992,-0.7717,-3.6882,7.6048,-0.3655,-3.6197,7.6768,-0.3655,-3.6197,7.6768,0,-4.1164,7.9664,0,-4.6592,8.2353,-0.5163,-4.6551,8.2885
,-1.7947,-5.5141,8.0896,-1.3801,-5.3206,8.2908,-0.992,-4.681,8.2651,-0.9584,-5.2426,8.5077,-1.3654,-5.8756,8.5605,-0.4907,-5.2103,8.5401,0,-5.2057,8.5102,-0.4272,-5.7614,8.7419,-0.8754,-5.8078,8.6947,-1.3889,-6.4026,8.7411,-1.8061,-6.0476,8.4255,-0.8213,-6.3351,8.8399,-0.8564,-6.8385,8.8679,-1.3983,-6.9249,8.756,-1.8462,-6.5781,8.5918,-0.3792,-6.2829,8.8818,0,-6.2607,8.8885
,0,-6.7649,8.9424,-0.4054,-6.7841,8.9264,-1.3415,-7.4658,8.5287,-1.7773,-7.1138,8.5527,-1.0409,-7.3324,8.703,-0.9857,-7.6514,8.5493,-1.1176,-7.8703,8.3182,-1.4616,-7.6629,8.2725,-0.5644,-7.2743,8.8423,0,-7.2641,8.9032,0,-7.6881,8.7557,-0.6924,-7.6938,8.6533,-0.9689,-8.2084,7.6068,-0.5113,-8.1773,8.0281,-0.4958,-8.3116,7.5837,0,-8.3149,7.6366,0,-8.2888,7.152
,-0.5053,-8.2536,7.1193,-0.9623,-8.1619,7.1641,-0.6258,-7.9831,8.3832,0,-7.9667,8.4846,0,-8.1566,8.1062,-1.0045,-8.0694,8.0111,0,-4.5754,1.2597,-0.3875,-4.5543,1.289,-0.7765,-4.4151,1.362,-0.4421,-4.9149,1.8516,0,-4.9378,1.8266,-1.1687,-4.0819,1.4636,-1.2374,-3.3663,1.3986,-1.4147,-3.7159,1.7443,-1.3989,-4.0718,2.0605,-1.2802,-4.4032,1.9575,0,-5.1412,2.558
,-0.4575,-5.1128,2.5701,-0.8724,-4.9539,2.5889,-0.8063,-5.0104,3.3264,-0.4349,-5.1758,3.3357,-1.2023,-4.5908,2.5973,-0.8727,-4.764,1.9031,-1.3867,-4.0802,2.5382,-1.1865,-4.106,3.2347,-1.0507,-4.6499,3.3022,-0.3758,-5.1314,4.0398,0,-5.2097,3.3366,-0.7051,-4.9592,4.0225,-0.6295,-4.8646,4.5992,-0.3196,-5.0333,4.5895,0,-5.1672,4.045,-0.9411,-4.5856,3.9914,-1.107,-4.0703,3.9163
,-1.1612,-4.0545,4.5758,-0.92,-4.5056,4.6174,0,-4.9746,4.8653,-0.3058,-4.9349,4.8919,-0.6407,-4.7908,4.9787,-0.3441,-4.9687,5.0778,0,-5.0114,5.0273,-1.0336,-4.5173,5.1327,-1.3622,-4.1402,5.2058,-1.1606,-4.6556,5.5399,-0.7203,-4.8477,5.2439,0,-5.3109,5.2196,-0.3441,-4.9687,5.0778,-0.4443,-5.2672,5.2781,-0.7203,-4.8477,5.2439,-0.8502,-5.1456,5.4775,-0.5209,-5.7939,5.5372
,0,-5.8406,5.4888,-1.1606,-4.6556,5.5399,-1.1794,-4.9555,5.8419,-1.6182,-4.3283,5.9193,-1.4357,-4.749,6.3036,-1.3414,-5.0334,6.4399,-1.1668,-5.3286,6.1278,-0.9428,-5.6308,5.7333,-1.0286,-1.6047,2.2225,-1.4687,-1.8764,2.2764,-1.1376,-1.8178,1.7451,-1.6591,-2.2228,2.0006,-1.5246,-2.2805,1.54,-0.9532,-3.2791,3.7548,-0.7968,-3.4293,2.736,-0.7836,-3.8388,3.0111,-0.9498,-4.358,2.1972
,-1.1265,-4.6548,2.563,-0.9158,-4.2339,3.264,-1.0235,-3.7581,3.9278,-1.9929,-4.1983,1.9312,-2.1431,-3.4617,1.951,-2.1847,-3.5923,2.7082,-2.1036,-3.0202,2.3664,-2.112,-2.9331,2.9291,-1.9537,-3.1535,3.5887,-2.2035,-3.993,3.1097,-2.0637,-4.4961,2.4488,-1.369,-4.0743,1.3637,-1.467,-4.4657,1.7991,-1.6069,-4.7294,2.2789,-0.9038,-3.9791,1.8488,-1.4432,-3.0499,3.9424,-1.8456,-2.6521,3.4583
,-1.4016,-2.596,3.7105,-0.984,-2.8325,3.5237,-0.9532,-3.2791,3.7548,-0.9532,-3.2791,3.7548,-1.4979,-3.5186,4.1003,-1.3396,-3.5172,1.1685,-1.8847,-3.8552,1.3685,-1.0514,-3.5459,1.6043,-1.2374,-3.3663,1.3986,-1.2536,-3.1019,1.0541,-1.2536,-3.1019,1.0541,-1.6752,-3.2386,1.1523,-1.078,-2.5517,3.1662,-1.3145,-2.2245,3.3324,-1.5964,-2.1382,3.122,-1.2712,-2.0873,3.1563,-1.1991,-2.5871,3.0271
,-0.9773,-3.1081,2.4302,-1.078,-2.5517,3.1662,-1.1991,-2.5871,3.0271,-1.2064,-3.0622,2.2507,-1.8915,-2.9265,1.5851,-1.3193,-2.4272,0.9877,-1.5246,-2.2805,1.54,-1.6591,-2.2228,2.0006,-1.9552,-2.6066,2.1996,-1.0552,-1.408,2.5742,-1.273,-1.6146,2.8204,-1.2139,-1.3508,3.0106,-1.2064,-3.0622,2.2507,-1.3655,-3.4784,2.3547,-1.2064,-3.0622,2.2507,-1.2321,-3.3904,3.0954,-1.3612,-2.3364,3.5304
,-1.1991,-2.5871,3.0271,-1.2712,-2.0873,3.1563,-1.2712,-2.0873,3.1563,-1.3744,-1.8836,3.5104,-1.5,-2.2449,4.1453,-1.4896,-2.6916,4.1186,-1.3068,-2.8692,3.6142,-1.3318,-1.5207,3.5495,-1.4229,-1.8104,4.1294,-1.2255,-3.4727,3.7668,-1.4264,-3.1592,4.2171,-1.3235,-3.6096,4.4059,-1.1715,-4.5118,3.503,-1.3712,-4.8417,2.8597,-1.527,-4.9987,3.0308,-1.3685,-4.7949,3.6355,-1.4181,-4.5627,4.1964
,-1.2327,-4.1356,4.1108,-2.1182,-4.7236,2.768,-2.2148,-4.3266,3.3609,-2.0506,-3.9759,3.9893,-2.0723,-4.457,4.0559,-2.2012,-4.6808,3.4605,-1.7618,-4.9038,2.6078,-1.8377,-5.0419,2.7771,-1.6245,-3.9346,4.2561,-2.0032,-3.5766,3.8161,-1.2327,-4.1356,4.1108,-1.2327,-4.1356,4.1108,-1.732,-4.4338,4.3189,-1.7403,-5.1967,2.7781,-2.0407,-5.1765,2.8909,-1.8834,-5.6697,2.7659,-1.5564,-5.6275,2.658
,-1.4372,-5.2058,3.0202,-1.7296,-5.1523,4.1977,-1.4181,-4.5627,4.1964,-1.4171,-5.1902,4.0769,-1.6269,-5.9846,3.9265,-1.9444,-5.9217,3.736,-2.0448,-5.1255,3.9637,-1.4171,-5.1902,4.0769,-1.3245,-5.2059,3.5688,-1.162,-5.8198,3.3473,-1.2918,-5.9582,3.7999,-1.4171,-5.1902,4.0769,-2.1454,-5.1431,3.4071,-2.1219,-4.9331,2.9088,-2.0214,-5.7923,3.2372,-1.7473,-6.7861,3.3961,-1.4335,-6.8253,3.539
,-1.2918,-5.9582,3.7999,-1.1046,-6.8065,3.413,-1.2574,-7.5398,3.1802,-1.5554,-7.5338,3.0622,-1.1046,-6.8065,3.413,-1.0031,-6.7119,3.0156,-1.247,-5.6745,2.8672,-1.1016,-6.6161,2.6111,-0.8846,-7.5616,2.7158,-0.9503,-7.5566,3.0702,-1.1046,-6.8065,3.413,-1.8033,-6.7069,2.9872,-1.5937,-7.5615,2.7331,-1.6592,-6.629,2.5854,-1.3728,-6.5936,2.4638,-1.4548,-7.5892,2.3996,-1.2209,-7.5833,2.2688
,-1.8334,-2.3047,2.7281,-1.6591,-2.2228,2.0006,-1.4687,-1.8764,2.2764,-1.4687,-1.8764,2.2764,-0.9239,-8.0303,2.9258,-0.8432,-8.0482,2.5903,-0.9961,-7.5666,2.3657,-0.9256,-8.0616,2.2449,-0.8308,-8.3153,2.5334,-0.9399,-8.3135,2.86,-1.4954,-8.0307,2.5506,-1.4709,-7.9801,2.8523,-1.447,-8.241,2.739,-1.463,-8.2795,2.429,-1.3569,-8.0857,2.2589,-1.1319,-8.085,2.1457,-1.3209,-8.3269,2.1451
,-1.0849,-8.3243,2.0568,-0.8798,-8.3082,2.1807,-1.2067,-7.9938,2.9952,-0.9503,-7.5566,3.0702,-0.9239,-8.0303,2.9258,-0.9239,-8.0303,2.9258,-1.2089,-8.2705,2.9056,-0.9131,-8.4921,2.7532,-0.7992,-8.5069,2.4394,-0.8484,-8.5131,2.1051,-0.7321,-8.68,2.2812,-0.8347,-8.6845,2.5798,-1.4511,-8.4727,2.3574,-1.4368,-8.4325,2.6951,-1.4409,-8.651,2.6064,-1.4791,-8.6562,2.2586,-1.3024,-8.5216,2.0402
,-1.0588,-8.5265,1.9641,-1.3306,-8.6673,1.9166,-1.0627,-8.6685,1.8391,-0.8162,-8.6695,1.977,-1.1916,-8.4531,2.8327,-0.9399,-8.3135,2.86,-0.9131,-8.4921,2.7532,-0.9131,-8.4921,2.7532,-1.1486,-8.6676,2.7008,-0.7682,-8.7704,1.7553,-1.1053,-8.7269,1.6534,-1.4345,-8.7618,1.7466,-1.1553,-8.7981,1.4239,-0.7288,-8.8575,1.4915,-1.0738,-9.0401,2.434,-0.8347,-8.6845,2.5798,-0.6959,-9.0089,2.3141
,-1.0076,-9.3786,2.0009,-1.4855,-9.3033,2.0002,-1.4596,-8.993,2.3588,-0.6959,-9.0089,2.3141,-0.6129,-8.8917,2.0317,-0.5054,-9.079,1.7183,-0.5699,-9.3052,1.9421,-0.6959,-9.0089,2.3141,-1.5662,-8.8753,2.0557,-1.6618,-9.083,1.8067,-0.3289,-9.4915,1.5306,-0.4732,-9.179,1.3685,-0.7224,-8.9725,1.2372,-0.549,-9.2358,1.0258,-0.4075,-9.4915,1.0438,-1.6049,-9.0388,1.4108,-1.7153,-9.232,1.5699
,-1.6692,-9.4915,1.687,-1.6527,-9.3218,1.2879,-1.1816,-8.9781,1.1676,-1.5845,-9.1817,1.2402,-1.3817,-9.1886,1.002,-1.1304,-9.216,0.8025,-0.9312,-9.1158,0.8618,-0.71,-9.094,1.0255,-1.6692,-9.4915,1.687,-0.99,-9.4915,1.3701,-0.5699,-9.3052,1.9421,-0.3289,-9.4915,1.5306,-0.4075,-9.4915,1.0438,-0.6416,-9.4915,0.6951,-0.9689,-9.4915,0.591,-1.3269,-9.4915,0.8381,-1.5991,-9.4915,1.2616
,-1.6692,-9.4915,1.687,-1.0672,-9.3374,0.643,-0.7653,-9.2937,0.734,-0.9689,-9.4915,0.591,-0.6416,-9.4915,0.6951,-0.6416,-9.4915,0.6951,-1.3998,-9.3519,0.9033,-1.5991,-9.4915,1.2616,-1.3269,-9.4915,0.8381,-1.3269,-9.4915,0.8381,-1.5613,-2.8727,4.585,-1.5725,-2.5702,4.7163,-1.6145,-3.0346,5.3378,-1.5424,-3.2355,4.7988,-1.5039,-3.6855,5.0501,-1.6652,-3.7033,5.6821,-1.5009,-2.1127,4.6893
,-1.5382,-2.3978,5.2471,-1.5068,-2.6358,5.8209,-1.5968,-3.1497,6.0343,-1.7058,-3.6659,6.2845,-1.7443,-4.1526,6.5465,-1.6182,-4.3283,5.9193,-1.6227,-4.5781,6.7954,-1.416,-5.0526,6.8394,-1.7443,-4.1526,6.5465,-1.6451,-3.9884,7.0324,-2.2619,-5.0388,7.2039,-1.6638,-4.9867,7.4509,-2.3099,-5.431,7.681,-2.8902,-5.5372,7.096,-2.9783,-5.1389,6.4434,-2.2155,-4.716,6.5858,-1.5016,-4.9555,7.0201
,-1.0786,-6.3007,6.1275,-1.1904,-5.8272,6.7024,-1.0541,-5.5478,6.5583,-1.3698,-4.6509,6.5052,-0.9825,-5.1633,6.1549,-1.1289,-5.8099,5.797,-1.7339,-6.6995,6.0368,-2.2338,-7.3097,6.7712,-1.5844,-7.3618,6.4816,-0.9076,-7.0135,6.3308,-1.0786,-6.3007,6.1275,-1.0786,-6.3007,6.1275,-1.884,-6.1475,5.6936,-2.5213,-6.683,6.2379,-2.9417,-6.1904,6.6824,-2.7371,-5.9976,7.6478,-2.6649,-6.7394,7.2523
,-2.7219,-6.1273,5.8132,-3.1169,-5.7002,6.1245,-0.9364,-7.8046,6.7419,-1.5844,-7.3618,6.4816,-1.4162,-7.8243,6.9532,-1.5844,-7.3618,6.4816,-1.8798,-7.681,7.2986,-1.3225,-8.0275,7.4292,-0.9623,-8.1619,7.1641,-2.3019,-7.1255,7.7387,-2.4874,-6.4365,8.0738,-2.214,-6.7043,8.229,-2.0128,-7.2349,8.126,-1.651,-7.7515,7.7911,-1.8798,-7.681,7.2986,-2.2411,-5.8927,8.104,-1.7947,-5.5141,8.0896
,-1.8061,-6.0476,8.4255,-2.1065,-6.4063,8.3756,-2.0536,-6.0163,5.5268,-1.3506,-5.675,5.4949,-1.5865,-5.726,5.2732,-2.1882,-6.0615,5.4923,-2.8155,-5.9691,5.6119,-3.1753,-5.4905,5.6738,-2.8456,-6.0005,5.5607,-3.1752,-5.5077,5.3322,-3.0331,-4.8864,5.7155,-1.4867,-4.4271,5.7106,-2.2894,-4.4625,5.7397,-2.4109,-4.4755,4.8894,-1.6992,-4.4521,4.8965,-1.1677,-4.9883,5.5926,-1.424,-5.0293,5.0495
,-1.3506,-5.675,5.4949,-2.2331,-6.0391,5.5463,-1.6792,-5.7929,5.1841,-1.63,-5.909,5.2179,-2.1655,-6.0181,5.6398,-2.7914,-6.0334,5.6568,-2.8556,-6.0135,5.5866,-3.1751,-5.6981,5.1013,-3.0669,-4.8953,5.033,-3.1208,-5.9614,5.0477,-3.063,-5.824,4.3296,-3.0923,-5.2814,4.5166,-1.8543,-4.894,4.323,-2.5076,-4.9518,4.2589,-2.5268,-5.6434,4.0202,-1.9003,-5.5564,4.1156,-1.5655,-5.2928,4.7038
,-1.5865,-5.726,5.2732,-1.5715,-5.7001,4.6124,-1.6792,-5.7929,5.1841,-2.9329,-6.3024,4.6353,-2.958,-6.1972,5.2377,-2.5987,-6.0858,5.7386,-2.7325,-6.5206,5.6082,-2.7348,-6.7859,5.1947,-2.416,-6.302,4.3453,-2.2337,-6.9278,4.9517,-1.7858,-6.243,4.4001,-1.4208,-6.1722,4.832,-1.63,-5.909,5.2179,-1.6048,-6.9113,4.9495,-1.2239,-6.7013,5.2583,-1.4402,-6.1077,5.3653,-1.9628,-6.0674,5.7243
,-1.4402,-6.1077,5.3653,-1.4402,-6.1077,5.3653,-1.7227,-6.2941,5.9148,-2.353,-6.3005,5.9342,-2.0382,-7.5208,5.5567,-2.5011,-7.3441,5.7689,-2.2532,-7.8851,6.2725,-1.8446,-8.0373,6.0818,-1.4516,-7.5186,5.5369,-1.0911,-7.2792,5.7868,-1.2202,-6.4461,5.6545,-1.3268,-8.0391,6.0677,-1.0085,-7.8393,6.2985,-0.9991,-7.5881,6.5975,-1.0804,-6.9817,6.114,-2.1299,-6.8072,6.346,-1.5433,-6.805,6.3262
,-1.2202,-6.4461,5.6545,-1.0804,-6.9817,6.114,-1.0804,-6.9817,6.114,-1.4077,-7.4359,6.7882,-1.9256,-7.434,6.8023,-2.4904,-7.0466,6.0961,-2.2438,-7.6339,6.5715,-1.7362,-8.0088,7.1314,-1.2992,-8.0224,7.1302,-0.9991,-7.5881,6.5975,-0.9543,-8.1388,6.9586,-1.2101,-8.5136,7.4174,-1.5834,-8.4908,7.3999,-2.0127,-8.3173,6.6204,-2.0047,-8.1414,6.9047,-1.8206,-8.5453,7.1334,-1.8372,-8.6307,6.8132
,-1.6679,-8.4338,6.4488,-1.5486,-8.7002,6.6352,-1.2309,-8.4473,6.4476,-0.9543,-8.1388,6.9586,-0.9623,-8.3148,6.6743,-1.1753,-8.7231,6.6526,-0.9381,-8.6685,6.9192,-0.9543,-8.1388,6.9586,-1.1992,-5.6866,6.4868,-1.1904,-5.8272,6.7024,-1.1904,-5.8272,6.7024,-0.9106,-6.2498,6.0645,-0.4887,-6.5119,5.8996,-0.9076,-7.0135,6.3308,-0.4396,-7.2585,6.3078,0,-6.5677,5.8815,-1.8462,-6.5781,8.5918
,-1.9575,-6.954,8.3986,-1.7773,-7.1138,8.5527,-1.7392,-7.4759,8.2201,-1.3964,-7.9119,7.8875,-1.3225,-8.0275,7.4292,-1.651,-7.7515,7.7911,-1.7392,-7.4759,8.2201,-1.7392,-7.4759,8.2201,-0.5053,-8.2536,7.1193,-0.4659,-7.8708,6.7042,-0.5053,-8.2536,7.1193,0,-7.9254,6.7287,0,-7.32,6.3205,-1.5273,-8.8268,6.6184,-1.7845,-8.8151,6.8518,-1.8428,-8.9589,6.7212,-1.559,-8.8833,6.4026
,-1.1671,-8.9294,6.4379,-1.1715,-8.8464,6.6591,-0.9214,-8.8635,7.0384,-0.9214,-8.5832,7.2393,-0.8946,-9.0148,7.0998,-0.8757,-8.8702,7.4818,-1.4887,-8.8389,7.6745,-1.1329,-8.8585,7.7152,-0.8757,-8.8702,7.4818,-0.8339,-9.0786,7.6407,-1.0817,-9.1079,7.9247,-1.4388,-9.0967,7.8742,-1.7388,-8.8218,7.2952,-1.7061,-9.0389,7.4114,-1.4203,-9.3078,7.9182,-1.0708,-9.3129,7.9469,-0.8133,-9.2871,7.6708
,-1.108,-9.4499,7.7783,-1.3671,-9.4121,7.7782,-1.5988,-8.9395,5.9921,-1.8631,-9.0233,6.2095,-1.9441,-9.0375,5.7065,-1.6722,-8.9575,5.4709,-1.2881,-8.9948,5.8689,-1.8048,-8.8993,4.923,-1.3612,-9.012,5.3155,-2.1274,-8.9881,5.1403,-2.2841,-8.949,4.6088,-1.9188,-8.852,4.4292,-1.4417,-8.9596,4.7835,-1.9363,-8.9027,4.0701,-1.5152,-8.9159,4.3135,-2.2853,-8.9941,4.2096,-2.1675,-9.084,3.973
,-1.9165,-9.0392,3.8261,-1.5674,-8.9595,3.946,-1.9186,-9.249,3.6776,-1.6708,-9.0625,3.7827,-2.2385,-9.2469,3.9109,-2.247,-9.4956,3.8449,-1.9316,-9.4956,3.5768,-1.5788,-9.4956,3.5862,-1.5877,-9.2262,3.656,-2.3942,-9.187,4.7592,-2.3934,-9.4956,4.32,-2.3983,-9.213,4.2817,-1.8304,-9.2252,6.923,-1.6693,-9.265,7.5031,-1.6304,-9.4956,7.5825,-1.7643,-9.4956,7.102,-1.9167,-9.229,6.3995
,-1.8649,-9.4956,6.5759,-1.9912,-9.4956,6.023,-2.0173,-9.2367,5.8802,-2.2218,-9.2088,5.3127,-2.2021,-9.4956,5.4627,-2.3766,-9.4956,4.8949,-0.8402,-9.2374,7.1716,-0.8339,-9.0786,7.6407,-0.9887,-9.1987,6.5636,-0.8653,-9.4956,6.7457,-0.772,-9.4956,7.2486,-0.9065,-9.4029,7.5941,-0.8133,-9.2871,7.6708,-1.0954,-9.2061,5.9613,-1.171,-9.2164,5.3823,-1.041,-9.4956,5.5603,-0.9616,-9.4956,6.1616
,-1.226,-9.186,4.8445,-1.2905,-9.1605,4.3548,-1.1553,-9.4956,4.4746,-1.0839,-9.4956,5.0057,-1.3947,-9.1853,3.9201,-1.3201,-9.4956,3.9434,-0.9616,-9.4956,6.1616,-1.5161,-9.4956,5.7916,-1.4133,-9.4956,6.3687,-1.9912,-9.4956,6.023,-1.8649,-9.4956,6.5759,-1.8649,-9.4956,6.5759,-1.3148,-9.4956,6.9239,-0.8653,-9.4956,6.7457,-0.9616,-9.4956,6.1616,-1.643,-9.4956,5.2342,-1.041,-9.4956,5.5603
,-1.0839,-9.4956,5.0057,-1.0839,-9.4956,5.0057,-1.7659,-9.4956,4.6847,-2.3766,-9.4956,4.8949,-2.2021,-9.4956,5.4627,-2.2021,-9.4956,5.4627,-1.8568,-9.4956,4.1317,-2.247,-9.4956,3.8449,-2.3934,-9.4956,4.32,-2.3934,-9.4956,4.32,-1.1553,-9.4956,4.4746,-1.3201,-9.4956,3.9434,-1.5788,-9.4956,3.5862,-1.9316,-9.4956,3.5768,-1.2012,-9.4956,7.4155,-0.9065,-9.4029,7.5941,-0.772,-9.4956,7.2486
,-0.772,-9.4956,7.2486,-1.7643,-9.4956,7.102,-1.6304,-9.4956,7.5825,-0.9592,0.0689,-0.3867,-0.9613,0.0284,-0.2782,-0.9342,0.0078,-0.3724,-0.9439,0.0962,-0.4409,-0.9837,0.1068,-0.3364,-0.7354,0.1394,-0.6347,-0.7111,0.0217,-0.6102,-0.6751,0.1094,-0.6503,-0.6467,0.2033,-0.6632,-0.7361,0.2019,-0.637,-0.7874,0.1068,-0.6066,-0.9944,0.1394,-0.2782,-0.9967,0.2019,-0.2782,-0.9837,0.1068,-0.22
